MTS793|MPT|ENU|1|2|.|/|:|1|0|0|A

Data Acquisition						Time:	1024.0137	Sec	11/6/2020 1:27:14 PM
Time	Station 1 Force	Station 1 Displacement
Sec	N	mm
1.0107422	8.0611877	-0.043521378
2.0107422	-3.9468961	-0.20983239
3.0107422	-20.935614	-0.5123868
4.0107422	-38.397823	-0.96703881
5.0107422	-58.72131	-1.5595804
6.0107422	-84.734016	-2.3522894
7.0107422	-127.03368	-3.3582673
8.0107422	-191.99873	-4.5863447
9.0107422	-307.86847	-6.0026488
10.010742	-523.13806	-7.5324535
11.010742	-856.51288	-9.0155134
12.010742	-1237.303	-10.195866
13.010742	-1542.5358	-10.945598
14.010742	-1710.0547	-11.363347
15.010742	-1709.0392	-11.51765
16.010742	-1645.4437	-11.532121
17.010742	-1524.3419	-11.498386
18.010742	-1401.8994	-11.459339
19.010742	-1326.3086	-11.431306
20.010742	-1253.8546	-11.3983
21.010742	-1197.3956	-11.371941
22.010742	-1166.0428	-11.358672
23.010742	-1135.9282	-11.34213
24.010742	-1108.29	-11.329103
25.010742	-1102.6487	-11.326163
26.010742	-1095.0399	-11.321815
27.010742	-1092.136	-11.318993
28.010742	-1088.2161	-11.316715
29.010742	-1079.2134	-11.309899
30.010742	-1072.483	-11.308652
31.010742	-740.79535	-11.123022
32.010742	-121.64391	-9.9900818
33.010742	-25.052553	-8.8581343
34.010742	10.595809	-7.7282386
35.010742	27.824036	-6.5966496
36.010742	35.584625	-5.4672117
37.010742	40.68602	-4.3371973
38.010742	43.234703	-3.2053535
39.010742	47.855171	-2.0732849
40.010742	47.299351	-0.94413024
41.010742	50.669739	0.0011033363
42.010742	48.503067	0.0012817765
43.010742	46.91452	-4.8294791e-05
44.010742	46.570076	0.00092483126
45.010742	43.874313	0.00078522781
46.010742	46.492924	0.001446035
47.010742	46.221664	-8.5765249e-05
48.010742	41.825035	0.001704425
49.010742	43.897018	0.0014556628
50.010742	43.737881	0.00060906459
51.010742	40.816418	0.001218545
52.010742	42.96822	2.3783801e-05
53.010742	43.031311	-0.00026303437
54.010742	41.442966	0.00071210833
55.010742	42.551643	-0.00047198421
56.010742	42.536575	0.002261603
57.010742	42.010895	0.0034927938
58.010742	41.586479	0.00096152112
59.010742	40.415916	0.0012919247
60.010742	40.038723	0.0011948658
61.010742	42.626991	0.00083154545
62.010742	39.685692	0.00017965051
63.010742	41.360989	0.00039484544
64.010742	42.799042	0.00069857732
65.010742	42.497593	0.00073500694
66.010742	40.942001	0.0012375405
67.010742	41.337883	0.0012089172
68.010742	40.814007	0.00068660761
69.010742	42.645878	-5.688177e-05
70.010742	40.904827	0.0017793659
71.010742	40.434406	0.0010159053
72.010742	40.166965	0.0015355478
73.010742	38.10458	0.0017031239
74.010742	39.522488	0.0012096978
75.010742	39.091644	0.0018012237
76.010742	42.730118	0.0019248242
77.010742	41.259319	0.0013725903
78.010742	40.177818	-0.00011549442
79.010742	38.508095	0.00087838352
80.010742	39.232342	0.00052449584
81.010742	36.98465	-0.00014073493
82.010742	36.657936	0.00065199949
83.010742	39.31955	-0.0001828892
84.010742	41.050957	0.0029285902
85.010742	40.573898	0.00071627175
86.010742	39.251633	0.00076467107
87.010742	40.334541	0.0015069245
88.010742	39.224106	0.0021005319
89.010742	39.930622	0.0015355478
90.010742	40.434406	0.00052104803
91.010742	37.733009	0.0016513419
92.010742	38.340519	0.00084611727
93.010742	38.65377	0.0014889699
94.010742	40.758553	0.00085652573
95.010742	41.509274	0.0016867307
96.010742	36.712391	0.0054732636
97.010742	39.017101	0.00026187734
98.010742	39.174076	0.0024081019
99.010742	37.008762	0.001460867
100.01074	36.41597	0.0015373692
101.01074	39.184723	0.0019880557
102.01074	38.339111	0.0015532421
103.01074	38.177113	0.0013483906
104.01074	37.73502	-0.0007033773
105.01074	40.936775	0.0042227521
106.01074	39.054874	0.0015350273
107.01074	37.718143	0.0010075786
108.01074	38.129894	0.0010429673
109.01074	37.577892	0.00026499989
110.01074	37.45829	0.0018967213
111.01074	38.453442	0.0053785467
112.01074	38.214287	0.0017783251
113.01074	39.766464	0.0057306131
114.01074	40.591782	0.0011378794
115.01074	37.042717	0.00038912077
116.01074	37.108871	0.0049576545
117.01074	37.039303	0.0003375989
118.01074	38.762119	0.0023719326
119.01074	39.148506	0.00052371522
120.01074	40.010193	0.0051258164
121.01074	39.418606	0.0015399713
122.01074	37.555992	0.0016916747
123.01074	36.360714	0.0023399265
124.01074	37.979351	0.00080890703
125.01074	35.649525	0.0013012923
126.01074	35.688957	0.00073891011
127.01074	34.526833	0.00076310983
128.01074	39.904701	0.0026881546
129.01074	37.865421	0.00077429891
130.01074	38.178722	0.0072660563
131.01074	35.984119	0.0013460487
132.01074	38.02903	0.0022428676
133.01074	38.83144	0.0038665226
134.01074	33.625366	0.010096702
135.01074	37.23365	0.0010596209
136.01074	37.820816	0.0013814374
137.01074	37.770584	0.0017085884
138.01074	38.222527	0.0017707789
139.01074	35.980305	0.0044382075
140.01074	40.69968	0.0037051265
141.01074	37.459698	0.0042867642
142.01074	38.135521	0.0022306377
143.01074	37.854172	0.0016875112
144.01074	35.860752	0.0018139741
145.01074	38.319824	0.0046284869
146.01074	37.250328	0.0034605276
147.01074	37.09742	0.0022733125
148.01074	37.673538	0.0083701983
149.01074	38.373074	0.00090089178
150.01074	37.747677	0.0037345302
151.01074	39.230938	0.0013335586
152.01074	36.836365	0.0034805639
153.01074	37.970108	0.0046212012
154.01074	38.430538	0.0028146175
155.01074	36.436665	0.0041433875
156.01074	38.404015	0.0054061292
157.01074	37.684383	0.0020976698
158.01074	38.484383	0.0027818307
159.01074	38.401402	0.0023024562
160.01074	37.396202	0.0052325679
161.01074	36.392059	0.004961818
162.01074	39.016094	0.0023948313
163.01074	40.558174	0.0015990393
164.01074	38.514526	0.0015678139
165.01074	37.545544	0.0032202872
166.01074	35.601101	0.0018316684
167.01074	36.415367	0.004434044
168.01074	36.64468	0.0029356158
169.01074	37.721958	0.0025569431
170.01074	38.894932	0.0035461371
171.01074	34.969933	0.0034704155
172.01074	39.336224	0.0024341231
173.01074	37.560211	0.0010835603
174.01074	37.766163	0.0028942423
175.01074	37.190655	0.0012206268
176.01074	37.417904	0.0019974231
177.01074	38.09333	0.0024481746
178.01074	38.304955	0.0045376732
179.01074	40.579926	0.0048082932
180.01074	38.207054	0.0075486456
181.01074	37.740444	0.00050439447
182.01074	35.88868	0.0043013361
183.01074	35.152981	0.0064358511
184.01074	38.602932	0.0068296161
185.01074	40.306412	0.0044382075
186.01074	40.799141	0.0087855617
187.01074	37.544537	0.0038248238
188.01074	37.83247	0.0063512824
189.01074	37.955643	0.0038568948
190.01074	37.065472	0.0027185995
191.01074	38.212879	0.0042279563
192.01074	35.93409	0.0025655299
193.01074	37.803337	0.004884535
194.01074	37.651833	0.00075192068
195.01074	39.096668	0.003980495
196.01074	39.078983	0.0031242692
197.01074	37.719147	0.0046214615
198.01074	37.911636	0.0053499886
199.01074	38.467106	0.0059333178
200.01074	32.751019	0.0029488867
201.01074	39.154533	0.0050284322
202.01074	36.036968	0.006351022
203.01074	36.236137	0.0064223204
204.01074	36.432243	0.0067955288
205.01074	39.094456	0.0049922629
206.01074	37.293125	0.003784491
207.01074	36.291996	0.0060723359
208.01074	37.674137	0.006915486
209.01074	38.787235	0.006580594
210.01074	36.093632	0.0057483073
211.01074	42.091465	0.0054519265
212.01074	37.723164	0.0043916292
213.01074	39.000622	0.0049402206
214.01074	38.282249	0.0016784038
215.01074	36.594643	0.0055328524
216.01074	33.729645	0.0035901128
217.01074	38.51553	0.0047382964
218.01074	38.292698	0.0052455785
219.01074	40.312439	0.0025452336
220.01074	36.501362	0.0057886401
221.01074	35.899933	0.0056541106
222.01074	36.488705	0.0028507868
223.01074	33.794147	0.0040424257
224.01074	38.167267	0.0055911397
225.01074	38.433949	0.0061894311
226.01074	37.807354	0.0062552644
227.01074	36.951496	0.0052994424
228.01074	38.650955	0.0064600511
229.01074	36.199169	0.004885836
230.01074	36.780506	0.0019419981
231.01074	35.282829	0.0061641904
232.01074	36.865299	0.0049818545
233.01074	36.307873	0.0067931865
234.01074	38.433949	0.0062151919
235.01074	37.803135	0.0051651732
236.01074	35.135094	0.0067749717
237.01074	37.849953	0.0067244908
238.01074	36.866703	0.0045301272
239.01074	37.004944	0.0052911155
240.01074	34.524422	0.0054839323
241.01074	36.285366	0.003572939
242.01074	37.513748	0.0062245596
243.01074	35.396553	0.0042318595
244.01074	37.241287	0.005664519
245.01074	37.541122	0.0052234605
246.01074	34.267784	0.0049657212
247.01074	35.369633	0.0047068107
248.01074	35.2332	0.006731777
249.01074	39.195171	0.0032991965
250.01074	37.237671	0.0027914587
251.01074	39.281773	0.0052632731
252.01074	38.518143	0.005360397
253.01074	37.393791	0.0061189136
254.01074	36.508999	0.0033181917
255.01074	36.19334	0.0040158839
256.01074	36.987862	0.0048392583
257.01074	39.454773	0.0046480028
258.01074	40.76458	0.0055809915
259.01074	37.719749	0.0032788999
260.01074	35.290264	0.0050567952
261.01074	36.450932	0.0054576509
262.01074	37.8391	0.0053168768
263.01074	36.824306	0.0065425378
264.01074	36.265877	0.0043341229
265.01074	37.683781	0.0049365773
266.01074	38.789448	0.0047619757
267.01074	37.481197	0.0050151614
268.01074	39.458389	0.0044147884
269.01074	39.689507	0.0049847164
270.01074	37.740643	0.0060731163
271.01074	34.791458	0.0079496969
272.01074	37.268814	0.0053051673
273.01074	34.368855	0.0064319479
274.01074	37.930523	0.0061001782
275.01074	36.691292	0.0041012336
276.01074	35.948158	0.0072327489
277.01074	35.692772	0.0076891598
278.01074	37.182011	0.0062206564
279.01074	35.650932	0.0060130074
280.01074	37.268814	0.0059281136
281.01074	38.86821	0.0080631487
282.01074	38.83345	0.0043799197
283.01074	39.045029	0.0077211661
284.01074	38.064396	0.0061027803
285.01074	38.075043	0.0075213234
286.01074	36.77066	0.0056879381
287.01074	32.84827	0.0066950871
288.01074	36.758808	0.0050120386
289.01074	36.821495	0.0052096695
290.01074	35.42107	0.0051174895
291.01074	38.03405	0.0046256245
292.01074	36.393265	0.0067135622
293.01074	41.258514	0.005112025
294.01074	36.119747	0.0052018631
295.01074	34.217148	0.0053481669
296.01074	37.172565	0.0072239018
297.01074	34.863392	0.0048931222
298.01074	33.312065	0.0042178081
299.01074	35.633251	0.006094974
300.01074	35.140923	0.0063804262
301.01074	35.903549	0.0055268672
302.01074	38.119648	0.0063322871
303.01074	35.72633	0.0056153391
304.01074	35.77335	0.0048795911
305.01074	39.408958	0.0071278187
306.01074	39.854271	0.0060442328
307.01074	38.263313	0.0058734692
308.01074	37.741852	0.0061553433
309.01074	35.995174	0.0057186433
310.01074	34.980179	0.0070302393
311.01074	37.877075	0.0049990281
312.01074	34.588116	0.0049560932
313.01074	35.760891	0.0064233611
314.01074	36.936626	0.0055583529
315.01074	37.068687	0.0055874968
316.01074	34.81979	0.0072301468
317.01074	37.632946	0.0045277853
318.01074	38.273609	0.0045959605
319.01074	37.42614	0.0053455648
320.01074	33.590401	0.0057355571
321.01074	33.959709	0.0071486356
322.01074	36.714798	0.0053137541
323.01074	39.986485	0.0062066047
324.01074	34.166115	0.0059028729
325.01074	36.039982	0.0049105561
326.01074	37.217979	0.0040002712
327.01074	34.616852	0.0066211871
328.01074	37.275043	0.0056182016
329.01074	34.248898	0.0052614515
330.01074	35.815544	0.0065349918
331.01074	36.811249	0.0041699293
332.01074	35.714474	0.0065253638
333.01074	35.985126	0.0070885266
334.01074	35.498425	0.0071900743
335.01074	37.509125	0.0053988434
336.01074	36.630211	0.0044718399
337.01074	37.761543	0.0060236761
338.01074	36.535923	0.0064168558
339.01074	35.670067	0.0048970254
340.01074	40.838924	0.0064168558
341.01074	37.400421	0.0035812657
342.01074	38.285465	0.0059646079
343.01074	36.894032	0.0060608862
344.01074	34.881874	0.0077289725
345.01074	36.875343	0.0050354577
346.01074	37.409466	0.0056863772
347.01074	38.184952	0.0042685494
348.01074	40.524822	0.0068311775
349.01074	35.727936	0.0047817514
350.01074	38.07243	0.0036585485
351.01074	37.385551	0.0069625843
352.01074	36.049427	0.0067213685
353.01074	38.589874	0.0054342318
354.01074	36.243977	0.0064384532
355.01074	36.079361	0.0057363375
356.01074	38.297119	0.0076501281
357.01074	36.793964	0.0073459409
358.01074	34.618858	0.0054485435
359.01074	33.664944	0.0056572333
360.01074	34.249702	0.0043320409
361.01074	36.914925	0.0048637181
362.01074	38.257084	0.0050130798
363.01074	38.930096	0.0067489506
364.01074	35.857132	0.0067702881
365.01074	40.334942	0.0066417437
366.01074	36.886795	0.0058492692
367.01074	36.246384	0.004700826
368.01074	38.567368	0.0061074644
369.01074	33.846989	0.0051846891
370.01074	35.921432	0.0052999631
371.01074	35.628025	0.0048309318
372.01074	37.656055	0.004933455
373.01074	32.434704	0.0064975214
374.01074	35.938915	0.0066451263
375.01074	35.872208	0.0045171166
376.01074	39.09124	0.0052333488
377.01074	35.473106	0.0063356697
378.01074	36.177467	0.0056249672
379.01074	39.317135	0.0059174448
380.01074	36.703751	0.0059841238
381.01074	40.365685	0.0046141753
382.01074	38.647739	0.0077687846
383.01074	34.857563	0.0053023049
384.01074	37.582714	0.0058107581
385.01074	38.446011	0.0040780744
386.01074	35.974476	0.0075109149
387.01074	35.419258	0.0057347761
388.01074	37.477379	0.0052705589
389.01074	38.943157	0.005137526
390.01074	36.72525	0.0045912769
391.01074	36.639252	0.0062425141
392.01074	37.860199	0.0054516662
393.01074	36.832142	0.0067117405
394.01074	35.103951	0.0052557271
395.01074	37.884312	0.0056044105
396.01074	36.127033	0.0049147196
397.01074	36.111309	0.0057745888
398.01074	35.482349	0.0050430042
399.01074	39.530926	0.0052203382
400.01074	33.564682	0.004832753
401.01074	32.997158	0.0047911191
402.01074	35.562725	0.004363006
403.01074	39.056278	0.0035391115
404.01074	40.275269	0.0051128059
405.01074	36.331177	0.0047481842
406.01074	36.410545	0.0062253401
407.01074	37.185226	0.0058006099
408.01074	35.475319	0.0046768864
409.01074	36.979828	0.0075949635
410.01074	36.764431	0.0043695113
411.01074	39.785755	0.006478786
412.01074	37.13821	0.0055081323
413.01074	37.884109	0.0053486875
414.01074	37.171764	0.0052135726
415.01074	38.997005	0.004774726
416.01074	33.192715	0.0057274904
417.01074	37.093399	0.0054482836
418.01074	36.823906	0.0047606747
419.01074	34.175156	0.004358843
420.01074	35.956192	0.0034066637
421.01074	36.672405	0.006036947
422.01074	34.601578	0.0045985626
423.01074	35.548256	0.0057805735
424.01074	34.535671	0.0063557061
425.01074	32.741779	0.00673594
426.01074	38.597912	0.0054646768
427.01074	36.926785	0.0049128984
428.01074	35.507465	0.0047762874
429.01074	30.001757	0.0028057704
430.01074	32.326809	0.005649427
431.01074	33.666756	0.0036228995
432.01074	34.163704	0.0060455338
433.01074	36.11372	0.005581772
434.01074	34.870823	0.0049724868
435.01074	33.794544	0.0052968403
436.01074	36.172443	0.004609752
437.01074	35.369633	0.0055518476
438.01074	36.498753	0.0068592806
439.01074	34.152855	0.0048736064
440.01074	33.85603	0.0067190262
441.01074	35.802082	0.0045834705
442.01074	34.460075	0.0052073277
443.01074	36.40974	0.0059997365
444.01074	36.262459	0.0048970254
445.01074	35.116409	0.0052083684
446.01074	34.099609	0.006055682
447.01074	36.8876	0.0055380566
448.01074	34.161091	0.0062341872
449.01074	35.498024	0.0045735822
450.01074	37.16674	0.0090552056
451.01074	35.667458	0.0050344169
452.01074	36.507996	0.0067510325
453.01074	38.064796	0.0075192419
454.01074	35.053921	0.0067153834
455.01074	36.643875	0.0054233032
456.01074	37.21677	0.0055854148
457.01074	34.622677	0.0066888421
458.01074	36.261856	0.0057493481
459.01074	33.219437	0.0066612596
460.01074	34.198666	0.0061321845
461.01074	35.748032	0.0059322771
462.01074	35.595875	0.010072763
463.01074	36.960537	0.0058888216
464.01074	34.034306	0.0040905648
465.01074	37.921883	0.0052463594
466.01074	35.962421	0.005762619
467.01074	33.234104	0.0048902598
468.01074	39.622952	0.0066948268
469.01074	35.850502	0.006087428
470.01074	33.629383	0.004682871
471.01074	34.815369	0.0075400588
472.01074	36.167824	0.0070960731
473.01074	37.549362	0.0040221289
474.01074	35.154385	0.0065941247
475.01074	37.193062	0.0059505566
476.01074	35.396553	0.0058443253
477.01074	39.161819	0.0060533402
478.01074	37.50169	0.0057311333
479.01074	37.6008	0.0057607973
480.01074	36.005222	0.0062367893
481.01074	39.872154	0.0065571098
482.01074	34.976963	0.0045504235
483.01074	34.614437	0.0055601746
484.01074	36.652313	0.0066950871
485.01074	36.582741	0.0056954846
486.01074	36.066299	0.004349215
487.01074	35.724117	0.0068756738
488.01074	39.033974	0.0058573359
489.01074	38.946774	0.0050411825
490.01074	38.685516	0.0091655347
491.01074	33.90847	0.00537627
492.01074	37.802734	0.0067963093
493.01074	34.10202	0.005460253
494.01074	38.117237	0.0057602772
495.01074	36.94165	0.0070619853
496.01074	34.929092	0.0063112099
497.01074	34.838676	0.0063268226
498.01074	39.438095	0.0060236761
499.01074	36.885391	0.0049074339
500.01074	36.133667	0.0074552298
501.01074	38.039879	0.004004695
502.01074	37.190853	0.0060491767
503.01074	37.049351	0.0055424799
504.01074	31.531431	0.0066708871
505.01074	36.662964	0.004295351
506.01074	39.906715	0.0063080871
507.01074	35.267357	0.0061152708
508.01074	36.542755	0.005965909
509.01074	36.802208	0.0065336907
510.01074	32.821747	0.0046061086
511.01074	39.316536	0.0069841822
512.01074	33.563274	0.0052109705
513.01074	35.52475	0.0059192665
514.01074	37.226616	0.0052336091
515.01074	38.201828	0.0057730274
516.01074	38.488403	0.0071496763
517.01074	35.791832	0.0061301026
518.01074	35.361794	0.0059947926
519.01074	36.137482	0.0063679358
520.01074	37.476974	0.0056535904
521.01074	35.123642	0.0058469274
522.01074	37.886318	0.0062198755
523.01074	37.894962	0.0060067624
524.01074	32.655376	0.0050422233
525.01074	37.685993	0.0055848947
526.01074	35.766315	0.0063197967
527.01074	35.716888	0.0059802206
528.01074	36.348057	0.0060572433
529.01074	34.893124	0.0065087103
530.01074	31.035486	0.0056109158
531.01074	38.469917	0.0062797242
532.01074	35.830212	0.0072309277
533.01074	36.381611	0.0074919197
534.01074	37.348381	0.0069292774
535.01074	37.22863	0.0064459993
536.01074	35.701015	0.0071395282
537.01074	32.982288	0.0062503205
538.01074	36.712189	0.0052689975
539.01074	34.564808	0.0088097611
540.01074	34.781212	0.0062763416
541.01074	36.002209	0.007213233
542.01074	34.705864	0.0053288462
543.01074	36.499355	0.0067791352
544.01074	35.070801	0.0071083028
545.01074	36.746349	0.0057636597
546.01074	38.250454	0.0057982681
547.01074	35.823582	0.0057126582
548.01074	36.275925	0.0055130762
549.01074	35.83905	0.0065982882
550.01074	34.551346	0.0067887632
551.01074	33.276302	0.005694964
552.01074	33.701515	0.0062188348
553.01074	35.18317	0.0069969324
554.01074	35.746822	0.0072468002
555.01074	37.789673	0.0062479787
556.01074	34.434357	0.0080040814
557.01074	33.137257	0.0058190851
558.01074	35.055729	0.0068116616
559.01074	33.800373	0.0063897939
560.01074	37.543335	0.0050544534
561.01074	35.405796	0.0042550182
562.01074	38.287273	0.0064264834
563.01074	36.595249	0.0055346736
564.01074	33.967747	0.0054292879
565.01074	39.487324	0.0038240431
566.01074	36.603691	0.0059320168
567.01074	36.243977	0.00714187
568.01074	38.073837	0.0060759787
569.01074	36.018082	0.0051346635
570.01074	37.12294	0.0054800292
571.01074	35.843273	0.0051958784
572.01074	39.225712	0.0050039724
573.01074	32.09428	0.0060957549
574.01074	40.101868	0.0068483516
575.01074	37.987587	0.005724628
576.01074	34.63694	0.0073339711
577.01074	34.696815	0.0054701413
578.01074	37.607628	0.0067419251
579.01074	35.555893	0.0061524808
580.01074	36.854042	0.0046867742
581.01074	34.520203	0.0062490194
582.01074	37.640179	0.0042292573
583.01074	37.457485	0.0071887732
584.01074	33.980808	0.0049417815
585.01074	37.185627	0.008228383
586.01074	36.033752	0.0057202047
587.01074	39.780731	0.0070174891
588.01074	32.69315	0.0067416648
589.01074	36.078159	0.0055031879
590.01074	35.479538	0.0046118335
591.01074	35.860146	0.0068663061
592.01074	36.80381	0.0048608561
593.01074	35.355362	0.0058482285
594.01074	38.276222	0.0049659815
595.01074	35.830814	0.0071926764
596.01074	34.807732	0.0055260868
597.01074	38.867809	0.0047755064
598.01074	37.242691	0.005821947
599.01074	36.555012	0.0081560444
600.01074	36.453342	0.0057717264
601.01074	36.032143	0.0064384532
602.01074	34.957825	0.007513517
603.01074	36.18008	0.007493481
604.01074	37.474968	0.0068912865
605.01074	33.766415	0.0051945774
606.01074	34.61705	0.0063929162
607.01074	34.776787	0.0074341525
608.01074	33.06427	0.0052086287
609.01074	34.558578	0.0069417674
610.01074	37.846134	0.0042623044
611.01074	36.269493	0.0060788412
612.01074	39.483307	0.0078383265
613.01074	36.023506	0.0053030853
614.01074	32.111965	0.0068506934
615.01074	35.639481	0.0063463384
616.01074	37.596176	0.0040746918
617.01074	38.006123	0.0077245487
618.01074	36.277931	0.0056054513
619.01074	37.118717	0.0053481669
620.01074	34.412857	0.0064564077
621.01074	34.735798	0.0061139697
622.01074	35.664242	0.0067117405
623.01074	35.285641	0.0070812409
624.01074	35.854321	0.0057712058
625.01074	31.95323	0.0049943444
626.01074	36.833954	0.0066256104
627.01074	36.367748	0.0061727772
628.01074	33.219437	0.006638621
629.01074	35.250278	0.0055125556
630.01074	35.247265	0.0056057116
631.01074	36.00502	0.0061907321
632.01074	37.658867	0.0053518098
633.01074	35.185982	0.0081177931
634.01074	36.191128	0.0037269841
635.01074	35.333866	0.0053322292
636.01074	38.319424	0.0055651185
637.01074	35.694382	0.0046839123
638.01074	35.92083	0.0081154518
639.01074	40.042744	0.0057438836
640.01074	36.210419	0.0067335982
641.01074	37.18784	0.0061194338
642.01074	32.674065	0.0038686043
643.01074	36.84882	0.007060424
644.01074	33.123795	0.0070804604
645.01074	36.072933	0.0049860175
646.01074	38.013359	0.0061332253
647.01074	37.090992	0.0057285312
648.01074	36.445305	0.0060007777
649.01074	36.834557	0.0061816247
650.01074	38.263111	0.0066133807
651.01074	35.567947	0.0059153633
652.01074	38.218708	0.0066391416
653.01074	37.781033	0.0062162327
654.01074	35.769127	0.0048811524
655.01074	33.857239	0.0036546453
656.01074	34.80331	0.0078427503
657.01074	35.343105	0.0057332153
658.01074	36.026718	0.003853512
659.01074	37.421318	0.0037025244
660.01074	33.998692	0.0053551928
661.01074	38.733185	0.0057082349
662.01074	37.902191	0.0058008702
663.01074	37.677151	0.0059330575
664.01074	38.855553	0.0054787281
665.01074	34.684158	0.0064769648
666.01074	36.203186	0.0043760166
667.01074	34.948784	0.0057647005
668.01074	37.120731	0.0058086766
669.01074	39.622952	0.004609752
670.01074	37.664295	0.0071184509
671.01074	33.390228	0.0064074881
672.01074	32.755642	0.0069368235
673.01074	35.072407	0.0065222415
674.01074	34.038525	0.0050471672
675.01074	34.571037	0.0049542719
676.01074	36.393265	0.0066378405
677.01074	35.92907	0.0065884003
678.01074	32.806076	0.0051841689
679.01074	36.233124	0.0058006099
680.01074	34.672306	0.0041480716
681.01074	31.70488	0.0046547684
682.01074	39.049248	0.0048226048
683.01074	36.48288	0.0052487012
684.01074	38.039078	0.0074976445
685.01074	33.491093	0.0044601304
686.01074	35.907169	0.006342175
687.01074	37.675945	0.0048572128
688.01074	36.425411	0.006051519
689.01074	36.459774	0.005083662
690.01074	37.534893	0.0051474138
691.01074	34.696617	0.0059872465
692.01074	35.494808	0.0061636698
693.01074	36.276321	0.0055169794
694.01074	36.490715	0.0048244265
695.01074	38.923061	0.006433249
696.01074	35.840458	0.0052192975
697.01074	35.973473	0.0062295035
698.01074	34.096394	0.0062742596
699.01074	33.832722	0.0063478998
700.01074	36.944466	0.0060130074
701.01074	33.290966	0.0060491767
702.01074	33.081753	0.0073932996
703.01074	34.312992	0.0047143567
704.01074	36.300434	0.0060304417
705.01074	34.508751	0.0054753455
706.01074	36.248596	0.0072530457
707.01074	37.202709	0.0052632731
708.01074	35.724522	0.0060249772
709.01074	38.334694	0.0058464073
710.01074	33.20256	0.0056197629
711.01074	31.108021	0.0066243093
712.01074	37.233852	0.0057462258
713.01074	35.448997	0.0069420277
714.01074	33.406498	0.0054128948
715.01074	36.999317	0.0067697675
716.01074	38.625637	0.0047674398
717.01074	34.411449	0.0060853465
718.01074	34.966667	0.0046584113
719.01074	37.489834	0.007083843
720.01074	37.768375	0.0047687409
721.01074	34.307369	0.0045871134
722.01074	35.852314	0.0054696207
723.01074	31.194019	0.003914922
724.01074	38.376488	0.0048353551
725.01074	35.852917	0.004886617
726.01074	35.563728	0.0060564629
727.01074	36.04179	0.0055169794
728.01074	35.515102	0.0060320031
729.01074	34.996452	0.0054449006
730.01074	32.693352	0.0046880753
731.01074	31.140171	0.0045452192
732.01074	40.046562	0.0053840112
733.01074	34.213135	0.005163807
734.01074	35.473106	0.0082002804
735.01074	32.959183	0.0064137331
736.01074	36.671402	0.0047369953
737.01074	32.791809	0.0049810736
738.01074	35.787613	0.0045975219
739.01074	32.494984	0.0045543266
740.01074	39.456181	0.008098538
741.01074	34.866001	0.004185542
742.01074	38.011948	0.0054633757
743.01074	33.541729	0.0050505502
744.01074	33.863266	0.0053142747
745.01074	38.917637	0.0074461224
746.01074	33.362297	0.0060910708
747.01074	33.130024	0.0062674945
748.01074	38.053341	0.0042542377
749.01074	37.138409	0.0052036848
750.01074	34.909	0.0054360535
751.01074	35.782391	0.004667779
752.01074	34.302746	0.0050857435
753.01074	35.28524	0.0044077625
754.01074	34.213135	0.0032223689
755.01074	35.674492	0.0050039724
756.01074	37.09079	0.0047645778
757.01074	33.841164	0.0055359746
758.01074	36.721031	0.0058656628
759.01074	35.093704	0.0062347078
760.01074	33.76722	0.0040234299
761.01074	32.669041	0.0050336365
762.01074	33.679817	0.0059322771
763.01074	35.516109	0.0057295719
764.01074	32.776337	0.0037753836
765.01074	37.175579	0.0051245154
766.01074	32.37925	0.0047804504
767.01074	35.256908	0.00599141
768.01074	37.578297	0.0061301026
769.01074	35.68092	0.0050258301
770.01074	37.103851	0.0050461264
771.01074	38.631264	0.005913021
772.01074	33.390228	0.0044444525
773.01074	37.174377	0.0052036848
774.01074	32.91156	0.0040304558
775.01074	32.732536	0.004923827
776.01074	35.354763	0.0063856305
777.01074	36.585152	0.0046167774
778.01074	36.56546	0.0069745542
779.01074	36.643875	0.0061829258
780.01074	34.488205	0.0040611606
781.01074	34.174553	0.0052455785
782.01074	38.478558	0.0063968194
783.01074	36.172443	0.0056197629
784.01074	37.60321	0.0046867742
785.01074	34.585709	0.0059622661
786.01074	39.249825	0.0046872948
787.01074	33.553379	0.005169597
788.01074	36.526283	0.0040705283
789.01074	36.478058	0.0034157711
790.01074	34.206303	0.005344524
791.01074	37.429558	0.0046880753
792.01074	36.045204	0.0062047835
793.01074	35.757877	0.0048468043
794.01074	33.879139	0.0058180438
795.01074	37.781437	0.0045431377
796.01074	34.564205	0.0047369953
797.01074	34.577667	0.005718383
798.01074	34.715904	0.0059294146
799.01074	39.291218	0.005656973
800.01074	36.4226	0.0055203619
801.01074	37.214561	0.0065493034
802.01074	36.490917	0.0055565313
803.01074	32.488556	0.0058586369
804.01074	34.771164	0.0070044785
805.01074	37.134392	0.0056309518
806.01074	34.353981	0.0055320715
807.01074	35.847286	0.0043281377
808.01074	34.833046	0.0057220259
809.01074	37.020012	0.0049953852
810.01074	33.967747	0.0043557202
811.01074	37.605217	0.0044788653
812.01074	36.734493	0.0057516899
813.01074	35.568348	0.0057826554
814.01074	35.310356	0.0033561827
815.01074	37.317642	0.0047140964
816.01074	38.927082	0.0045709801
817.01074	36.964157	0.0084818946
818.01074	33.388821	0.0053192186
819.01074	37.759132	0.0039484892
820.01074	35.587234	0.0045777457
821.01074	36.944466	0.0053965012
822.01074	36.381809	0.0051617255
823.01074	35.000072	0.0048819329
824.01074	38.018379	0.0052099298
825.01074	37.820415	0.0067812172
826.01074	31.47497	0.0046977033
827.01074	33.28474	0.0040611606
828.01074	33.421371	0.004385124
829.01074	33.375156	0.0060889893
830.01074	35.174076	0.0061064232
831.01074	36.730873	0.0037756437
832.01074	34.440182	0.005502928
833.01074	36.13768	0.0063002808
834.01074	34.397785	0.0053218207
835.01074	34.647995	0.0050354577
836.01074	33.21582	0.0056777899
837.01074	33.626568	0.0054417783
838.01074	36.969582	0.0055469037
839.01074	36.461582	0.0047081118
840.01074	34.339718	0.005074034
841.01074	38.196201	0.0045415764
842.01074	34.164509	0.0042643859
843.01074	34.667889	0.0044762632
844.01074	36.34444	0.0032903492
845.01074	31.87326	0.0032119604
846.01074	36.676823	0.0052622324
847.01074	36.248795	0.005560955
848.01074	36.720631	0.0058682649
849.01074	34.466103	0.004005996
850.01074	35.870998	0.0050461264
851.01074	37.261379	0.0057163015
852.01074	37.710907	0.0053692441
853.01074	34.378296	0.0049118572
854.01074	38.566967	0.0041597812
855.01074	37.914848	0.0036692172
856.01074	35.643898	0.0051338826
857.01074	36.581535	0.0048291101
858.01074	32.658592	0.0050823609
859.01074	34.655025	0.0045977822
860.01074	36.613731	0.0057566343
861.01074	33.672783	0.0051748012
862.01074	35.558102	0.0052999631
863.01074	36.333385	0.0051146271
864.01074	35.743408	0.0059252512
865.01074	34.026016	0.0033075232
866.01074	34.740421	0.0053832307
867.01074	33.12701	0.0032031133
868.01074	32.007481	0.0045506838
869.01074	35.35215	0.0029431619
870.01074	33.038952	0.0054056086
871.01074	34.394974	0.0053837509
872.01074	35.134697	0.0055284286
873.01074	36.013458	0.0036749418
874.01074	34.542103	0.0051648482
875.01074	35.334469	0.0043213721
876.01074	35.130676	0.0060338243
877.01074	38.994194	0.006170956
878.01074	33.892799	0.0048824535
879.01074	35.765106	0.0061280211
880.01074	36.631821	0.0057594962
881.01074	33.583168	0.0039935056
882.01074	38.617001	0.0040916055
883.01074	36.945469	0.0056616571
884.01074	35.182114	0.0053853123
885.01074	34.782211	0.0066919643
886.01074	35.965233	0.0058648819
887.01074	35.212105	0.0043830425
888.01074	33.058643	0.0036569873
889.01074	35.082253	0.0059304554
890.01074	39.472656	0.0050536725
891.01074	36.542351	0.0051143668
892.01074	38.665421	0.0028541696
893.01074	35.292675	0.0048434217
894.01074	38.094734	0.005908858
895.01074	35.293278	0.0062375702
896.01074	34.309978	0.0049128984
897.01074	35.254295	0.0040515331
898.01074	33.443874	0.0050807996
899.01074	35.049503	0.0053020446
900.01074	36.448719	0.0055445619
901.01074	36.745747	0.0054961625
902.01074	31.750492	0.0049019693
903.01074	36.477051	0.0034477771
904.01074	34.624283	0.0045361118
905.01074	34.990425	0.0051536588
906.01074	37.538914	0.0039711278
907.01074	35.268162	0.0056845555
908.01074	33.78912	0.004221451
909.01074	40.109703	0.004707071
910.01074	35.879841	0.005298662
911.01074	35.245457	0.0047031678
912.01074	36.77026	0.005175842
913.01074	35.665447	0.0045681181
914.01074	36.181686	0.0058838776
915.01074	34.685566	0.0043830425
916.01074	35.92786	0.0044382075
917.01074	37.003132	0.0038959265
918.01074	35.515907	0.0038386148
919.01074	33.862057	0.0043307398
920.01074	34.2714	0.0049212249
921.01074	34.881271	0.0053873938
922.01074	34.393566	0.0047804504
923.01074	33.720604	0.0059875068
924.01074	35.077431	0.0056278296
925.01074	37.364861	0.0048756879
926.01074	31.616222	0.0031364991
927.01074	33.27047	0.0043879864
928.01074	36.201778	0.005537536
929.01074	35.141525	0.0056712846
930.01074	36.377792	0.0053682034
931.01074	37.404442	0.0041860621
932.01074	35.503452	0.0046872948
933.01074	33.793343	0.0042040171
934.01074	34.012154	0.005694964
935.01074	39.881599	0.0047687409
936.01074	36.711185	0.0049862778
937.01074	38.033649	0.0051719388
938.01074	32.710632	0.0054878355
939.01074	37.596783	0.0054344921
940.01074	36.167622	0.0043395869
941.01074	36.483482	-3.7986204e-06
942.01074	33.656105	-0.034750495
943.01074	31.727184	-0.062609322
944.01074	30.669342	-0.10833714
945.01074	24.554966	-0.15759408
946.01074	26.751373	-0.21191479
947.01074	23.866884	-0.28172433
948.01074	22.012709	-0.34948421
949.01074	21.57604	-0.42051682
950.01074	17.782446	-0.50567824
951.01074	18.358358	-0.60494685
952.01074	13.148314	-0.72481048
953.01074	12.04245	-0.84021664
954.01074	10.103884	-0.97758949
955.01074	6.2950191	-1.1237097
956.01074	3.7905369	-1.2852931
957.01074	-1.386003	-1.4633063
958.01074	-3.5405672	-1.6539809
959.01074	-9.7474222	-1.8500179
960.01074	-12.431736	-2.0629134
961.01074	-16.870766	-2.2851849
962.01074	-22.346741	-2.5095873
963.01074	-30.314487	-2.7306142
964.01074	-33.094242	-2.9444592
965.01074	-38.899593	-3.169575
966.01074	-44.548767	-3.3887584
967.01074	-52.163837	-3.5969801
968.01074	-57.310436	-3.8051925
969.01074	-67.44265	-3.9979367
970.01074	-70.92334	-4.1843171
971.01074	-80.870895	-4.3525662
972.01074	-81.393364	-4.5158486
973.01074	-87.001343	-4.6616154
974.01074	-89.571938	-4.7924919
975.01074	-95.050667	-4.9140949
976.01074	-101.23824	-5.0065546
977.01074	-96.905098	-5.0860243
978.01074	-102.03377	-5.1608744
979.01074	-103.26904	-5.2133594
980.01074	-106.36891	-5.2560883
981.01074	-103.83656	-5.2873025
982.01074	-97.743675	-5.3016167
983.01074	-97.34137	-5.3029227
984.01074	-90.637161	-5.2962098
985.01074	-83.518234	-5.2846303
986.01074	-72.004837	-5.2702994
987.01074	-69.539589	-5.2565808
988.01074	-66.59201	-5.2382312
989.01074	-66.902641	-5.2239418
990.01074	-62.925003	-5.2065086
991.01074	-56.697102	-5.18857
992.01074	-59.077206	-5.1737714
993.01074	-56.058697	-5.1558504
994.01074	-51.965717	-5.1373386
995.01074	-46.886631	-5.118073
996.01074	-48.489841	-5.1078906
997.01074	-47.254532	-5.0961633
998.01074	-44.158314	-5.0862556
999.01074	-44.529076	-5.0787811
1000.0107	-44.564644	-5.069941
1001.0107	-46.810024	-5.067337
1002.0107	-44.778427	-5.0637078
1003.0107	-42.507076	-5.0589356
1004.0107	-44.744072	-5.055604
1005.0107	-44.719154	-5.0553675
1006.0107	-40.682186	-5.0538316
1007.0107	-47.028687	-5.0578408
1008.0107	-47.409698	-5.0582042
1009.0107	-53.984055	-5.0634031
1010.0107	-51.686981	-5.0638914
1011.0107	-51.900566	-5.0683351
1012.0107	-48.520588	-5.065484
1013.0107	-51.46209	-5.0611939
1014.0107	-47.973206	-5.0592294
1015.0107	-47.359669	-5.0600057
1016.0107	-49.31953	-5.0635877
1017.0107	-50.587143	-5.0664043
1018.0107	-49.742538	-5.0641594
1019.0107	-46.781094	-5.0639253
1020.0107	-49.190933	-5.0626802
1021.0107	-46.2528	-5.0567207
1022.0107	-45.869377	-5.0611215
1023.0107	-49.374184	-5.0659189
1024.0107	-52.456638	-5.0676317

Data Acquisition						Time:	1313.4365	Sec	11/6/2020 1:32:03 PM
Time	Station 1 Force	Station 1 Displacement
Sec	N	mm
1025.0107	-52.226124	-5.0655584
1026.0107	-48.346531	-5.0650158
1027.0107	-52.560116	-5.0696754
1028.0107	-45.042904	-5.0569482
1029.0107	-50.73106	-5.0625606
1030.0107	-50.277863	-5.0641723
1031.0107	-51.480625	-5.0718646
1032.0107	-48.492054	-5.0652127
1033.0107	-49.343239	-5.0642586
1034.0107	-51.184002	-5.0653014
1035.0107	-43.613693	-5.0535588
1036.0107	-47.499565	-5.0631924
1037.0107	-49.923626	-5.0625815
1038.0107	-51.088963	-5.0680037
1039.0107	-47.301197	-5.0640316
1040.0107	-48.689766	-5.0632977
1041.0107	-53.356098	-5.0716653
1042.0107	-53.813011	-5.0702157
1043.0107	-50.499737	-5.0713801
1044.0107	-50.161526	-5.0702667
1045.0107	-49.118801	-5.0705786
1046.0107	-50.565845	-5.0695772
1047.0107	-52.29504	-5.0718517
1048.0107	-50.654503	-5.0702562
1049.0107	-44.64642	-5.0660563
1050.0107	-49.487354	-5.0693583
1051.0107	-51.376896	-5.0688119
1052.0107	-48.429314	-5.0716877
1053.0107	-48.678318	-5.0687232
1054.0107	-47.093987	-5.0682869
1055.0107	-47.466763	-5.06286
1056.0107	-44.502754	-5.0600009
1057.0107	-38.97715	-5.0597405
1058.0107	-43.802818	-5.0620136
1059.0107	-48.496071	-5.0634251
1060.0107	-47.348011	-5.0639052
1061.0107	-46.244961	-5.0641065
1062.0107	-48.986992	-5.0687003
1063.0107	-49.387295	-5.0665669
1064.0107	-48.744621	-5.0685129
1065.0107	-50.881149	-5.0719099
1066.0107	-50.889191	-5.0710406
1067.0107	-50.70554	-5.070178
1068.0107	-48.981968	-5.0709047
1069.0107	-51.353386	-5.0706635
1070.0107	-45.236801	-5.0674033
1071.0107	-51.729977	-5.0706358
1072.0107	-46.458397	-5.0656433
1073.0107	-48.182373	-5.0633416
1074.0107	-52.408966	-5.0691905
1075.0107	-49.598873	-5.0731421
1076.0107	-51.839283	-5.0736489
1077.0107	-49.692303	-5.0713768
1078.0107	-47.865257	-5.0716863
1079.0107	-49.720436	-5.0715113
1080.0107	-47.999126	-5.0712605
1081.0107	-52.707199	-5.0788722
1082.0107	-52.649532	-5.0780506
1083.0107	-49.741131	-5.0749111
1084.0107	-51.338718	-5.0738072
1085.0107	-51.741634	-5.0783248
1086.0107	-51.144421	-5.076828
1087.0107	-52.12405	-5.0744286
1088.0107	-51.007587	-5.0737352
1089.0107	-50.8918	-5.0752954
1090.0107	-44.16032	-5.0697308
1091.0107	-45.565369	-5.068893
1092.0107	-46.508232	-5.0717397
1093.0107	-49.32415	-5.0746918
1094.0107	-47.761978	-5.0668745
1095.0107	-42.767078	-5.0651784
1096.0107	-48.254707	-5.0752997
1097.0107	-49.11599	-5.0755835
1098.0107	-53.436066	-5.075841
1099.0107	-48.82439	-5.0778623
1100.0107	-52.874371	-5.078321
1101.0107	-49.166424	-5.0775108
1102.0107	-48.753662	-5.0743594
1103.0107	-48.864979	-5.0746427
1104.0107	-49.909557	-5.0767374
1105.0107	-53.43446	-5.0780821
1106.0107	-52.405151	-5.0824137
1107.0107	-52.192165	-5.0833025
1108.0107	-52.023586	-5.0804477
1109.0107	-47.116493	-5.0748324
1110.0107	-44.875076	-5.0737252
1111.0107	-45.182549	-5.074729
1112.0107	-47.378956	-5.0726933
1113.0107	-49.701748	-5.0793042
1114.0107	-49.084846	-5.0782881
1115.0107	-45.311344	-5.0753555
1116.0107	-50.057846	-5.079329
1117.0107	-50.475025	-5.0805268
1118.0107	-49.27914	-5.0789638
1119.0107	-50.527267	-5.079967
1120.0107	-51.089165	-5.0820942
1121.0107	-53.136833	-5.0849724
1122.0107	-52.040062	-5.0857778
1123.0107	-49.037628	-5.0854206
1124.0107	-49.677837	-5.0817852
1125.0107	-45.161652	-5.0751891
1126.0107	-45.779762	-5.0744066
1127.0107	-44.74387	-5.0747519
1128.0107	-49.579784	-5.0823412
1129.0107	-49.027378	-5.0789218
1130.0107	-50.636021	-5.0825777
1131.0107	-44.108681	-5.0703983
1132.0107	-50.712776	-5.0799017
1133.0107	-50.271835	-5.0798321
1134.0107	-54.288307	-5.0848007
1135.0107	-46.189507	-5.0777831
1136.0107	-47.926136	-5.0805702
1137.0107	-43.763786	-5.0782943
1138.0107	-51.997868	-5.0844121
1139.0107	-52.486374	-5.0853009
1140.0107	-48.083515	-5.079987
1141.0107	-47.841747	-5.0808506
1142.0107	-51.219769	-5.0839987
1143.0107	-51.995457	-5.0827007
1144.0107	-48.660034	-5.0818467
1145.0107	-49.609322	-5.0819035
1146.0107	-46.189705	-5.0806136
1147.0107	-47.925934	-5.0817714
1148.0107	-49.622982	-5.0821099
1149.0107	-43.781719	-5.0772824
1150.0107	-49.756802	-5.0811849
1151.0107	-49.216656	-5.0795317
1152.0107	-54.188248	-5.0830212
1153.0107	-51.677738	-5.0843596
1154.0107	-50.764614	-5.0831404
1155.0107	-49.915787	-5.0813398
1156.0107	-51.904385	-5.0847311
1157.0107	-49.332993	-5.083848
1158.0107	-48.398773	-5.0807333
1159.0107	-51.971745	-5.0824571
1160.0107	-51.246494	-5.0886583
1161.0107	-49.700542	-5.0819726
1162.0107	-51.850536	-5.0836143
1163.0107	-51.754292	-5.0872502
1164.0107	-51.585915	-5.0858502
1165.0107	-49.801811	-5.0892682
1166.0107	-47.908253	-5.0844126
1167.0107	-51.060631	-5.0857019
1168.0107	-55.463093	-5.0922737
1169.0107	-48.308556	-5.0877271
1170.0107	-49.022755	-5.0888047
1171.0107	-49.129856	-5.0799785
1172.0107	-49.410801	-5.0845461
1173.0107	-48.908829	-5.0828204
1174.0107	-49.127644	-5.0876446
1175.0107	-50.571472	-5.0872021
1176.0107	-47.329929	-5.0858016
1177.0107	-48.220348	-5.0880976
1178.0107	-46.431473	-5.0844393
1179.0107	-49.585007	-5.0866308
1180.0107	-49.248802	-5.0848231
1181.0107	-52.797817	-5.0879126
1182.0107	-55.48399	-5.0915012
1183.0107	-52.535202	-5.0922785
1184.0107	-50.940628	-5.0911345
1185.0107	-45.804073	-5.0842624
1186.0107	-45.22374	-5.0837526
1187.0107	-46.630596	-5.0860686
1188.0107	-47.541759	-5.0883527
1189.0107	-48.799675	-5.0882483
1190.0107	-44.499336	-5.0818276
1191.0107	-48.163685	-5.0852952
1192.0107	-49.098511	-5.0846672
1193.0107	-43.08942	-5.0799847
1194.0107	-48.517773	-5.0862498
1195.0107	-49.778503	-5.0883107
1196.0107	-50.574081	-5.0890245
1197.0107	-47.025673	-5.0878234
1198.0107	-52.142735	-5.0949235
1199.0107	-54.522243	-5.0969162
1200.0107	-52.039257	-5.0975032
1201.0107	-50.441872	-5.0937314
1202.0107	-47.847172	-5.0908389
1203.0107	-40.903057	-5.083004
1204.0107	-44.924305	-5.0867186
1205.0107	-49.141708	-5.0919814
1206.0107	-52.382046	-5.0943623
1207.0107	-45.724304	-5.0922246
1208.0107	-49.623585	-5.0933409
1209.0107	-46.41922	-5.090517
1210.0107	-45.378254	-5.0905199
1211.0107	-46.733471	-5.0917788
1212.0107	-49.420044	-5.0922937
1213.0107	-47.703506	-5.0906854
1214.0107	-52.110188	-5.0982647
1215.0107	-55.431293	-5.0994139
1216.0107	-51.659851	-5.1014504
1217.0107	-52.101543	-5.0988564
1218.0107	-47.835518	-5.0989366
1219.0107	-48.42469	-5.0978785
1220.0107	-47.84074	-5.0967155
1221.0107	-50.150475	-5.0938749
1222.0107	-50.680828	-5.0969162
1223.0107	-55.072037	-5.0989118
1224.0107	-49.528545	-5.096416
1225.0107	-48.032681	-5.0956669
1226.0107	-47.293964	-5.0960498
1227.0107	-49.418236	-5.0949674
1228.0107	-42.701576	-5.0875664
1229.0107	-49.457623	-5.0899673
1230.0107	-41.805332	-5.0833659
1231.0107	-45.888714	-5.0884318
1232.0107	-52.484768	-5.0978503
1233.0107	-50.666759	-5.0976806
1234.0107	-48.252697	-5.0920768
1235.0107	-49.691101	-5.0958629
1236.0107	-49.890671	-5.0977674
1237.0107	-52.27354	-5.0964808
1238.0107	-49.422459	-5.0967922
1239.0107	-50.884167	-5.0973148
1240.0107	-53.191284	-5.0964174
1241.0107	-51.730782	-5.0991311
1242.0107	-53.24192	-5.1061273
1243.0107	-50.546558	-5.1058507
1244.0107	-54.326889	-5.106616
1245.0107	-47.693661	-5.102704
1246.0107	-47.132568	-5.1003914
1247.0107	-53.842796	-5.1050205
1248.0107	-50.038357	-5.1028962
1249.0107	-47.124733	-5.1000342
1250.0107	-50.522243	-5.1006112
1251.0107	-45.982143	-5.0980687
1252.0107	-49.447372	-5.0997524
1253.0107	-43.989479	-5.0950537
1254.0107	-47.852798	-5.0987225
1255.0107	-44.817009	-5.0973125
1256.0107	-50.444485	-5.0997133
1257.0107	-48.024441	-5.1021323
1258.0107	-53.071934	-5.1034102
1259.0107	-63.742882	-5.1487746
1260.0107	-103.41556	-5.3521123
1261.0107	-147.70705	-5.7257738
1262.0107	-196.6078	-6.3158302
1263.0107	-278.27805	-7.1361866
1264.0107	-431.47968	-8.1508751
1265.0107	-675.81848	-9.2572422
1266.0107	-1043.9086	-10.296729
1267.0107	-1474.8688	-11.098956
1268.0107	-1799.3788	-11.615725
1269.0107	-1982.6084	-11.954471
1270.0107	-2114.6106	-12.18623
1271.0107	-2204.7078	-12.359545
1272.0107	-2311.6514	-12.528011
1273.0107	-2415.3501	-12.68716
1274.0107	-2497.3989	-12.823245
1275.0107	-2501.6038	-12.890606
1276.0107	-2477.5388	-12.921731
1277.0107	-2444.9138	-12.936766
1278.0107	-2418.8635	-12.942434
1279.0107	-2398.5046	-12.94558
1280.0107	-2380.5972	-12.947126
1281.0107	-2358.7515	-12.948633
1282.0107	-2364.1948	-12.954219
1283.0107	-2350.7495	-12.95612
1284.0107	-2341.1614	-12.955721
1285.0107	-2345.3625	-12.963249
1286.0107	-2331.9336	-12.961498
1287.0107	-2332.4734	-12.965202
1288.0107	-2336.9956	-12.970095
1289.0107	-2333.3149	-12.972996
1290.0107	-2326.2314	-12.973937
1291.0107	-2322.6235	-12.975458
1292.0107	-2332.9502	-12.980819
1293.0107	-2328.3506	-12.981535
1294.0107	-2332.0344	-12.987281
1295.0107	-2338.3931	-12.990802
1296.0107	-2333.02	-12.991769
1297.0107	-2332.5054	-12.994595
1298.0107	-2327.124	-12.99556
1299.0107	-2303.7568	-12.990141
1300.0107	-2325.9519	-12.998498
1301.0107	-2333.0566	-13.001974
1302.0107	-2330.1628	-13.004393
1303.0107	-2335.4016	-13.007993
1304.0107	-2252.4736	-12.987495
1305.0107	-2030.9536	-12.9208
1306.0107	-1803.7479	-12.839444
1307.0107	-1577.3215	-12.740899
1308.0107	-1349.76	-12.626325
1309.0107	-1130.2102	-12.488821
1310.0107	-910.77509	-12.325769
1311.0107	-706.5166	-12.140411
1312.0107	-507.59387	-11.904639
1313.0107	-315.92282	-11.5949
